178.900738300
005849
003045
005313
004275
006087
308.073757530
728.901054990
003268
002804
004370
006120
005081
000976
005308
003060
003044
001924
007199
001217
4074.943641060
001874
1772.953340210
001078
000343
006353
536.971987880
122.905452750
003253
005896
003020
006388
130.832023280
001121
002033
1359.106408170
2264.918443820
002837
000717
006695
004224
004959
2206.923183000
000709
448.979133120
007302
000651
004099
002780
003075
006905
002294
006369
003509
1778.952516210
003155
003494
005925
001470
004801
004549
005532
002265
006417
007067
001517
353.914976340
001671
595.681836590
512.628022640
007012
001094
004976
003708
628.909278700
001178
005804
001506
007360
006018
514.973273820
000041
005717
007106
005233
004621
003873
007097
005649
2021-03-01-11-2_BLR_IND_lid0_Frame000500
007147
005272
005206
005672
007313
005475
002820
001971
1492.972951290
001335
002118
005385
006682
716.902009450
006743
000265
006007
004702
1866.946842270
124.032724630
004461
000917
003185
007197
006531
007366
005251
004909
006434
000056
002029
003463
002495
005003
002325
005065
1428.977766100
004657
004022
2058.933288150
2358.912487010
004113
005766
4132.939450630
004305
182.712334520
005593
2374.910632380
000575
002755
004505
007379
001394
004678
003562
004004
723.953800500
006321
002666
006260
002483
004065
006072
302.990255090
000686
007064
219.780708790
001055
002466
006311
001109
007193
004619
006193
112.688808040
004158
001728
006579
000894
006310
004302
250.277970660
006195
000590
001401
228.680012670
1412.979166960
005709
000944
001154
000791
245.522704410
150.030627470
003128
583.912876580
001325
003864
006336
1620.964361920
005901
003122
002824
006651
143.316319500
001305
001947
003636
005601
1610.964866600
003631
1584.966396210
005587
378.985021470
004562
123.387614680
004560
4020.948689170
000347
003362
4160.937314740
002587
001979
000164
000092
002176
002084
003675
006689
000068
007161
000735
002659
1456.975727120
4100.941696690
000695
231.679803840
006233
000974
002349
004697
007074
005813
002366
177.928307480
000878
007100
652.907455370
000999
656.964167230
006174
001066
001876
005123
007328
114.888194670
006866
462.978033090
005357
007309
002240
002449
538.971597700
106.389123580
001266
004589
007361
509.327891930
000075
005295
006333
000684
1028.279337210
004586
003180
005130
1992.937989820
005076
006854
003861
268.992791890
006354
006880
003947
002742
006921
002418
005957
007032
001387
002978
000204
004203
002852
004379
4004.949798870
003823
003975
001558
001104
001492
002385
002745
002026
154.902388950
006933
001775
004331
1569.967303380
435.993742910
005519
002392
001806
1686.959173620
172.614038690
2146.927440200
3600.980717930
004520
005880
000314
000032
006458
1406.979304690
005930
007467
005147
005481
1692.481017630
006960
1966.940407390
001925
005714
005946
000715
003296
002583
003880
006760
006315
006323
216.996734850
001981
006189
388.493997270
2021-03-01-11-2_BLR_IND_lid0_Frame002800
004297
000189
000460
005616
006591
418.577463850
005644
001071
004616
002640
000467
004533
3874.459384500
006963
005883
000110
190.611458460
006707
002430
006596
005826
003768
003376
003091
006079
000499
006680
003202
002226
3956.952943070
001282
005697
006556
003261
002174
001972
005053
000922
1250.431607260
004357
000439
001748
001396
3682.974505800
2182.925248210
007351
117.933474570
004714
000103
000325
1418.978585220
005581
003815
001975
001598
004136
2021-03-01-11-3_BLR_IND_lid0_Frame001100
002064
002900
000014
003781
004444
004847
002713
396.983278120
000300
001738
005680
791.996168310
004328
003471
007216
002912
000336
001489
001539
000174
004407
006208
006441
002807
565.883686500
496.474544560
006994
852.991152770
116.905996010
006276
625.909805080
853.143203340
002429
003040
001970
003911
002811
000592
004299
003787
003512
684.904692340
2021-03-01-10-2_BLR_IND_lid0_Frame001002
002233
002725
004766
007031
136.904263620
003271
002874
001661
004416
398.992897560
000379
003646
880.760429780
006773
000905
002601
000184
132.986925580
000133
3966.952871480
001119
007354
006320
000674
002929
003104
002539
815.165123450
005180
000776
005389
004226
1600.965431040
002128
006647
364.995182340
445.733968870
000309
000615
1844.948714790
005942
000659
4028.947780800
4128.939807800
005656
005449
007434
005861
002492
1200.535507210
007375
504.628800880
1426.977816580
002905
3896.957766160
1958.941258830
005759
000061
145.886323190
005802
1554.091606700
007286
633.908719480
006803
004371
1582.966549150
007145
006993
4030.447840070
002531
004632
3698.972986820
004451
005662
232.623279960
003407
004036
116.219296530
90.908460660
001945
001433
001152
001426
004399
001187
758.998883500
2148.926917210
002669
003757
001434
001380
007214
002045
004457
001662
001012
001275
004690
1628.963644330
001723
005410
007315
507.628435700
3836.962359350
006913
004535
245.607865190
001429
005342
398.982934370
005721
003170
005366
007078
001278
005757
80.909220470
000266
005327
412.981956070
007480
005961
000726
003572
005514
002135
3796.965823320
3972.952376670
000729
1822.949989000
007273
006184
004429
004824
006985
007191
003023
005683
2382.910202220
286.991662380
003061
001144
001886
004169
007436
002948
3790.966220050
001501
001452
000824
003505
536.825854890
000154
005503
001921
002939
002027
598.911887500
005844
005225
000037
245.078579960
007463
409.982333120
001473
003126
179.383641930
001383
004494
003546
002671
002551
000119
006301
1720.579007160
4122.940420260
004285
006091
001555
000911
1757.975785300
1934.941877240
003016
770.998157080
005266
003775
003727
002041
740.900267660
005117
003204
2021-03-01-11-2_BLR_IND_lid0_Frame002200
1646.962751710
005993
002898
006169
1854.947921270
006593
003078
001948
004041
005629
006359
003859
228.223828650
002162
001629
004762
002237
000981
004667
005740
2021-03-01-11-2_BLR_IND_lid0_Frame000600
005559
004066
433.075958660
001432
000713
005939
004676
004570
000354
002172
005830
001049
350.986463310
004109
004660
1616.964562860
006279
002916
436.980140340
002845
007300
005784
001469
006830
1581.966465280
003387
004358
002320
1714.957308360
1220.333795960
002895
003876
004710
001654
002815
4104.941262560
005287
001008
006951
005139
000853
2021-03-01-11-2_BLR_IND_lid0_Frame003700
002821
005393
002199
646.964856290
001530
1630.963293820
005420
005943
000332
000711
1023.379703650
1688.959121960
000553
005483
004614
005682
004443
496.829685310
006423
006324
002738
4050.945834600
000222
003658
003749
2042.934458820
002622
3920.955644410
355.799711940
3984.951053990
006964
005102
004090
004997
002097
513.927829790
002001
004687
002184
004778
645.908099250
005569
004104
004532
734.053244570
1420.401011890
002232
003603
005181
006358
000479
2140.927504690
004800
003747
338.987378670
003113
006347
004278
003822
002619
004723
001036
004553
001242
000227
000561
000787
002340
001792
006382
1745.376732040
001493
002280
006610
000446
003083
818.994534830
003054
005075
001294
007265
417.236020420
005289
004901
005999
005113
005546
003199
006602
003542
002098
001667
005028
001483
002255
001944
000548
002758
005505
007198
002777
002802
270.992591720
57.892957770
2050.933839730
1868.946731650
002951
005726
001853
006656
585.482450110
005217
001592
007424
2266.918404310
004826
004819
001117
001081
007294
002196
004603
007095
004858
004470
001496
001130
589.212442470
3792.965910580
006622
003184
002922
005863
000830
001131
002591
000660
003981
006148
003388
002403
004415
001626
002259
000242
006557
006026
000033
256.993722660
2021-03-01-10-2_BLR_IND_lid0_Frame002902
001048
003611
002527
007173
001404
003939
000059
005044
002947
004340
006943
002682
005525
005694
007255
004408
260.206441020
2021-03-01-10-2_BLR_IND_lid0_Frame001202
001220
001693
002754
003479
005652
239.578748130
003215
1743.176853290
000142
005041
001855
001372
002537
003583
001141
007185
002600
005039
006280
007456
704.902996230
2021-03-01-10-2_BLR_IND_lid0_Frame000502
004155
006141
002043
000246
004152
800.995763200
000849
002695
000024
006914
004985
002554
001024
005010
004086
006425
007407
002152
004994
003644
006259
007056
007312
2248.919865440
000947
005226
002342
005212
003953
000236
113.988414530
006268
007115
006102
002122
608.911331920
006125
1692.958708380
3900.457086020
002050
3802.965108610
001240
005932
000321
418.981296190
007278
000285
003309
003716
004540
005727
006173
005323
001717
001207
005250
164.614523140
007205
003415
004618
002801
004864
005368
000740
002882
007204
629.909365840
005268
626.909476550
003391
3704.972379490
1030.748314420
006245
007007
001599
001490
000442
003680
003457
005175
4054.945360640
003693
001108
000533
007439
002458
003369
004213
2021-03-01-10-2_BLR_IND_lid0_Frame002502
3696.972640900
2386.909645220
000034
3670.975602060
003228
3906.956628020
006263
004893
001634
137.986596890
838.992899970
002040
000040
001162
002333
001236
252.422349900
002886
2012.936438110
001344
004309
005013
000886
222.996152900
1524.970822490
003741
534.972134560
003929
001577
380.667917010
005848
000087
005059
000546
000382
000665
006039
002353
1632.963295040
007108
000710
005137
005701
000304
002514
810.646913370
005928
620.910544460
002716
618.910612790
002863
002484
4046.946011620
000157
005713
006983
002599
002346
005088
377.068150830
006832
004753
006428
006340
000997
003751
000932
006424
003234
001462
005785
000525
001818
004045
005908
1836.949144740
310.217653370
007274
001761
003349
455.592380400
3726.970435260
002732
006669
006862
006286
002146
005670
001884
000150
000151
006751
006017
002987
687.904372690
002996
003183
3816.963680180
1864.947178570
003690
006919
1070.745123920
121.905813920
006737
006958
995.250758550
186.999797520
002453
2368.911305580
003827
004917
002491
002709
002566
005492
004497
006395
269.976617660
002465
000385
006378
004650
3918.955818220
000584
001920
000036
000426
004783
005145
003288
003619
1924.942991830
202.997976550
004817
007128
236.995318490
007382
002890
002516
001033
000318
562.266924780
002573
002451
006146
003389
002432
2409.907998940
857.591175360
002090
000020
000505
007239
000685
006494
006232
001423
004468
000881
002616
002674
000018
000492
004541
007282
002977
003227
000478
003116
006894
001281
004456
003325
001551
005573
002710
1135.740227480
007110
541.971718220
000556
002589
002065
002011
2214.923087080
600.582031720
005104
244.994433490
000131
2021-03-01-10-2_BLR_IND_lid0_Frame000202
004940
002348
000352
006553
007333
003444
003547
000808
000998
007417
576.969527650
001859
4058.944858620
006360
000358
004758
002166
001149
2168.926079760
2010.936626750
004017
006970
004843
006999
277.820231580
004393
000962
006658
007474
005847
001488
005244
139.116696410
003260
005771
002889
005472
005575
006944
005944
002387
004463
002438
206.910483210
003978
005512
006045
003068
006726
005641
002323
001573
4102.941715530
007280
001938
003107
000943
004103
006452
3808.964828110
000652
002964
002334
006077
001927
330.987943650
005157
001705
007371
003992
1754.954056270
006498
004595
002203
2021-03-01-11-2_BLR_IND_lid0_Frame002300
399.637340080
002770
000993
535.526066720
005916
002797
000945
001509
000618
006806
000079
004282
001762
002468
003174
2021-03-01-11-2_BLR_IND_lid0_Frame000400
002068
001474
001156
000116
006129
003489
002018
004069
000859
890.359526980
000805
006450
000519
007365
002089
006239
006296
004542
002421
000823
003714
4162.937164440
575.782715020
003962
000170
006765
000866
005997
003139
006876
001995
007203
000250
006140
001731
002275
006157
001345
004528
2021-03-01-11-3_BLR_IND_lid0_Frame002100
003584
005174
006549
3714.971674760
001619
001733
006264
003993
540.471543390
004769
002835
004996
002789
2106.929945870
002404
005669
1622.964107930
003905
005263
002749
000429
000486
46.993549850
002785
006064
003332
000387
164.084800630
003029
000985
001100
003595
000933
004745
001087
004992
486.975536080
001903
002560
2000.937479620
002941
003414
000386
003048
661.906973970
007276
115.933488400
002982
004608
004312
004579
006371
1594.965761970
498.629193080
003625
007330
002606
2494.901537750
649.907758670
694.903572570
006721
000960
3908.956499300
006392
005815
002840
270.906048690
328.987975720
004806
000091
003119
000138
001908
768.998044020
003084
000135
1500.972143230
000288
4060.944658310
1738.955408270
006014
005097
002999
005965
002117
106.219350630
002759
2524.998864940
632.909158070
001268
002506
930.955715830
2282.917381520
004426
005339
000524
2021-03-01-11-2_BLR_IND_lid0_Frame004300
003608
007270
007307
005387
001245
006074
003100
002452
002932
002520
003320
4018.948737820
004740
007242
000127
004623
004040
003958
005588
000909
006116
118.833046880
2021-03-01-10-2_BLR_IND_lid0_Frame003402
182.483517500
006900
003622
004123
1711.279538540
004145
005015
007202
002970
005134
3754.968837390
003182
006979
004794
001376
250.722587580
4154.937716890
003976
006300
003895
007072
000860
004484
007006
005193
2021-03-01-11-3_BLR_IND_lid0_Frame000100
000078
005394
006356
002588
006307
001497
4190.934699190
004962
3732.970257450
005142
428.835760370
004744
004617
005708
2021-03-01-11-2_BLR_IND_lid0_Frame003600
505.973862390
007102
000509
005344
002431
570.183213590
001292
002711
001075
004983
004874
006394
006764
002025
003099
004624
006397
004000
706.902690610
003326
002993
000306
2466.903809360
003458
1434.977473790
2216.922297370
1749.376432580
000784
001702
005579
005735
597.911952850
001625
006011
003165
001340
005302
003181
002609
007068
005149
002834
002637
264.993052000
322.017069680
005382
007431
2388.909381700
003321
005370
001279
000904
001994
816.994713760
004287
007015
004584
004025
005666
007440
004950
005395
004135
007077
005337
006304
006159
005247
001086
002111
004293
002567
001448
001243
004327
2021-03-01-11-3_BLR_IND_lid0_Frame001000
006708
145.416650800
005052
004885
003365
006507
004932
003639
342.515789370
002867
001755
006331
003928
002812
1650.962811800
639.908823080
001813
006604
006150
007222
007172
002470
002550
2021-03-01-11-2_BLR_IND_lid0_Frame002100
4008.949232100
002249
001014
003563
1894.945097460
000323
2021-03-01-11-3_BLR_IND_lid0_Frame001800
004424
002326
006544
006911
004807
003946
1175.437719420
003902
005243
518.972872900
001142
003909
000315
003488
003072
001935
2052.933261820
006619
005184
001687
2222.922012790
003497
003922
004897
006190
003533
000939
470.976916260
006889
1719.779101020
002315
001984
001347
001684
000867
1025.379195880
002526
005745
003510
000732
001750
2021-03-01-10-2_BLR_IND_lid0_Frame001402
2479.902783570
003418
3864.960163440
2021-03-01-10-2_BLR_IND_lid0_Frame002402
000326
002220
002297
004504
003340
007054
1734.955526730
004410
2021-03-01-10-2_BLR_IND_lid0_Frame003102
1802.950860830
005330
4106.941571740
001961
007083
002762
002261
006799
001188
3848.961247740
003156
003247
002626
002853
001827
001834
007392
004984
001594
000213
1027.479123890
000759
003885
006242
002416
1426.300254430
006535
007443
1656.961905400
006759
654.907326050
001065
002499
001082
006518
001194
001125
005070
001018
003284
002400
001238
1654.962532900
004908
003333
006252
305.673881790
003353
001260
000730
005326
007148
007143
004574
005922
004673
006062
000722
000622
1698.958332910
005736
000228
000865
006217
001498
005953
003515
001999
002859
001216
005215
375.939204820
2062.933075960
007050
000028
000604
002338
006795
002519
000694
004080
001635
005658
002091
001408
001416
005202
004935
004098
73.791718230
001303
000503
002204
000339
003097
000344
007082
004180
235.578875920
000322
647.908092330
005066
001633
000060
006626
1317.408615610
632.965625320
2252.919835310
005135
265.521373620
4078.943214780
002250
007369
005864
000405
003931
001770
002647
005625
004160
002377
005408
004250
000634
007260
841.992450470
000642
002277
005933
005336
002658
2026.935689780
004818
438.975687850
003379
002202
3922.955508850
001186
005447
2194.924447220
000572
002862
002688
007218
006406
005351
000172
1674.960458370
282.719523280
004671
650.964854640
3970.952594990
003715
007149
001176
005537
006642
005205
2322.914534700
000953
004398
000163
003159
001824
001442
004441
002066
004005
007111
005615
001782
001046
2428.906797750
002528
000744
784.996848590
001826
006326
1990.937995450
005329
003019
003441
001089
005800
002267
001223
003760
003541
000991
006100
004024
005874
002407
002087
000613
003998
386.984034470
004982
002129
001371
003632
154.215361360
002864
152.911711340
000494
004759
004563
004366
003241
1532.969952580
002781
003230
004319
533.326085140
004114
2483.902769220
007001
005397
007009
005972
002205
001797
170.713589530
004289
004580
003508
002784
002179
003005
000736
000535
003581
4006.949415630
004448
000534
006966
110.819543130
007224
002378
005158
002992
002656
2246.920149470
212.525117360
004134
007046
006319
000570
1614.964537400
003008
195.027131140
659.907228870
2440.905619290
007152
005583
005260
000688
002612
1916.943592770
001113
506.928392130
006521
006475
006362
000662
003157
636.908770570
003410
002502
006753
2456.904364590
655.977808140
006258
2036.934813960
004803
2056.933344230
002628
000612
000982
006870
005047
000739
004946
004475
000946
005977
002548
005754
000097
002685
521.627087500
004692
007336
007113
3774.967688790
000624
001457
003682
003674
004482
000206
006400
007471
003135
266.992975560
003073
3762.968522280
000223
000276
005521
000863
004310
1726.956021790
001063
000280
004009
005926
005624
2192.924362760
003263
003449
000023
004244
000231
000112
004382
004677
006588
005530
003093
003264
001293
004075
1984.938934880
4086.942427490
001043
138.904541710
000212
002892
002464
501.271195080
002500
002625
000013
006407
004263
004694
000957
005918
1225.233675890
006848
648.965222520
512.973235420
005954
006802
003327
001650
1910.943635210
640.279412620
003408
005220
548.971219130
003703
004890
1502.972432100
005818
001386
2021-03-01-10-2_BLR_IND_lid0_Frame003802
001391
000258
1498.972030070
004269
001581
000814
1474.796646950
004161
004627
312.817411090
002728
003628
003710
006162
006791
000210
750.999148480
003009
001456
004001
004636
003231
272.620597560
000191
006779
000581
006478
001518
000472
1464.974889800
006154
000381
2021-03-01-11-3_BLR_IND_lid0_Frame001900
006724
006313
003936
006115
000275
004385
480.930830720
005554
230.995653860
006901
351.440520230
004267
007170
003984
003887
007357
000890
005106
006837
006504
382.984610140
002870
000109
001752
1709.979514380
005494
001210
005589
000483
2021-03-01-11-2_BLR_IND_lid0_Frame004200
001683
001604
2448.905460920
006054
000485
003106
007253
001077
000500
3686.473800930
709.902660650
005876
422.476867860
002740
004499
005885
2480.902738750
002435
005602
003941
349.541160360
001744
002917
005248
003237
001342
005905
1736.955296610
2412.907849920
005182
003372
005343
003774
005328
004501
475.490892870
004405
007421
005168
004965
004941
007121
005637
001250
006492
004942
006730
000770
004320
006972
000594
004978
106.234309060
001228
001930
006635
006491
006004
005230
001663
005991
4016.949091190
005443
003890
003942
006372
002198
004848
003857
1684.881719180
4194.934730050
002037
006078
002485
1514.971447310
003988
002357
006158
619.910448700
004014
1596.965541300
1826.949666900
1145.639409960
006223
3854.961113230
000375
005853
006938
2244.920490830
000030
001727
005018
006134
004150
003645
001899
001500
001510
001566
006987
614.967034130
003573
004182
004605
005100
000458
001753
002774
006430
000457
006661
001564
002480
000199
007182
002074
005037
1886.945726830
006453
006916
006508
000703
003114
004421
134.904198500
003812
007109
004295
001623
000780
1726.778293900
002239
001707
209.881367600
002082
004177
004573
000921
004550
001051
003152
004751
847.991718960
2454.904788090
007318
007062
000671
000317
004859
004346
003378
006939
006623
004480
2336.913783680
001867
2346.912624930
000473
710.374211900
005091
001041
005686
002409
001550
003295
006842
003129
003334
006833
004679
004205
003848
004449
162.414639300
3760.968072630
003047
000082
005613
001790
005093
004343
002634
003220
621.966963040
000520
001552
300.018333520
394.982894130
007252
1240.232509030
006246
002201
004198
3794.965899530
004631
006236
547.971353980
52.993191350
166.901850160
005338
003087
002724
2416.907379990
000704
007353
3868.959873800
006807
004112
001054
174.900885520
2021-03-01-10-2_BLR_IND_lid0_Frame004202
005219
001247
007404
005764
685.904343860
007030
004281
000421
004782
002896
251.677954780
002119
302.518556210
002869
002760
000973
002897
000640
004652
004933
002009
005855
003070
003269
000139
3994.950855950
003842
002796
006297
005273
332.516622310
004784
617.910667500
005945
255.177442220
2378.909985170
002209
002279
000611
2528.998753400
429.835444780
004395
002420
005390
002985
007418
006021
2021-03-01-10-2_BLR_IND_lid0_Frame003202
3692.973433650
002953
001414
006529
002883
002399
001686
006978
007221
144.903276850
003624
002243
002063
001536
002623
002988
003137
135.531018480
2150.926873110
002981
006907
003683
003216
004620
722.901501140
000769
004611
005000
004681
000287
006283
1289.010654180
007445
002459
55.993531350
004369
1271.912051030
1444.976777200
006809
004453
005030
3846.961524280
002549
006068
003112
000359
004750
000961
006006
005952
000565
005183
003821
005627
000766
003833
003089
004718
005634
006898
006041
004691
002753
003917
001091
004481
001010
002112
001857
1750.676141900
002343
002388
1948.941482030
001877
000194
001161
001771
001764
003587
320.602017140
004110
002873
001909
3880.959034870
000156
2338.913820400
005350
003543
004079
2230.921469400
003793
003585
000475
2021-03-01-11-2_BLR_IND_lid0_Frame000800
001763
1710.679751910
000772
004774
005631
007140
4110.941058250
005710
005499
1988.938388610
1960.941192710
1926.942628040
003384
2054.933605550
392.867181500
003037
717.901791980
005473
004455
000935
005195
000388
000574
003462
004513
002276
004049
005780
005283
002657
4012.949201450
002832
004435
707.902812580
007449
834.745130880
1824.950143250
000644
006104
001057
001710
006722
007164
1393.703440500
003358
006613
001784
000669
007045
006284
1550.968766460
002936
003927
006277
545.985500980
1682.959723280
001182
004274
001237
006555
001132
002571
000648
1476.974425200
556.970892210
1578.466830490
005839
604.911442970
006269
007135
004201
004566
1552.968303480
003606
001675
001276
003071
001000
001801
006384
004839
652.964773440
007119
002269
001805
001747
003007
002290
003923
000042
004529
005255
001725
1544.968820820
003213
004625
508.973616270
005020
127.231967260
002931
2268.918350060
007061
002148
000822
006352
317.717603140
005318
006487
878.041215830
003826
007266
006503
3952.953408080
003834
000955
005185
002927
002317
003620
003038
004326
1085.244053070
007017
005433
2500.901118220
262.321434990
633.965843680
006976
003077
002767
380.984701280
2021-03-01-10-2_BLR_IND_lid0_Frame000102
002604
352.440599420
000108
006061
006500
007027
003293
006825
636.965511110
150.685951960
2200.923996010
006763
006342
004613
002021
002078
003903
400.737413440
366.994688970
007212
003926
004191
005485
002274
006881
005101
1694.958525930
006265
003771
377.139223070
006860
005553
001819
002000
001190
002424
004322
006415
003577
2162.926098450
005372
001589
003626
001417
590.282092960
3818.963807080
001519
003808
001454
001688
003223
001463
005565
2318.914956330
002991
006778
003416
005679
1447.998488410
000698
003786
006703
004030
114.906146710
002727
007044
001196
002786
006800
2224.922015430
003476
007247
005014
005910
003474
005378
005620
001690
003713
002926
006101
003300
000633
004491
005777
000274
000679
003850
007127
000677
007437
115.688529150
004418
004511
1283.335812400
000825
006547
007155
005254
003897
003021
003285
523.327180820
005750
143.731172570
006946
004672
003580
005673
002278
003380
007277
000182
007058
003762
2032.935395590
002884
000286
006671
003746
002375
1698.580737220
1468.974741940
004821
002028
000083
004638
005914
007317
000647
007029
005989
001572
002831
007466
006027
001928
3990.950724950
001126
001241
4192.934769380
002913
005852
001163
006777
001287
447.533963350
003290
006147
270.320885090
001440
005450
2021-03-01-10-2_BLR_IND_lid0_Frame001602
1592.965810330
005676
004489
2021-03-01-10-2_BLR_IND_lid0_Frame000902
001315
002478
003473
003396
000115
001520
1450.976050040
2432.906331600
006945
000975
004607
006060
003422
000496
480.530624040
004712
001957
006563
006576
006644
005809
003442
3680.974356750
002350
006570
005820
003191
002772
220.309595300
002363
003956
520.887228360
002648
000252
000706
004194
402.982885680
001060
1005.150066870
004845
003948
005056
006738
003769
1065.345720870
005453
188.999413060
000435
004207
003650
003567
2250.919809460
410.078162180
005734
007473
006229
006166
1019.579840640
000596
355.214926260
004354
002133
1448.976412610
000650
003294
003175
625.480198140
74.909809990
000045
4080.943085850
000656
007262
007179
614.910753320
003744
001160
007343
240.994790500
003537
007008
005646
003935
006294
001319
262.177308250
3986.951114190
001412
1710.957376720
003712
002244
141.516695190
454.978598460
005455
005087
003579
001670
003506
006868
000408
001171
002131
006499
187.627680110
000070
006869
002114
506.973392020
000188
000954
004866
2021-03-01-11-2_BLR_IND_lid0_Frame002500
2390.909612860
001001
004936
715.554716580
003466
007362
492.974878790
007344
160.729775130
006348
004558
006198
000792
006648
001201
003232
001415
005831
665.577173560
001257
006805
004038
006435
000226
2190.924638200
001807
001145
002764
002945
002221
004665
573.969698820
3708.471899740
001741
100.789724740
007342
006857
002358
003426
005959
2328.914350940
003131
001224
003673
000785
002971
002044
500.029144430
007257
006034
001743
535.972077860
642.908264050
005643
003742
002139
002443
001327
000747
000001
75.492003620
000874
2021-03-01-11-3_BLR_IND_lid0_Frame001600
007123
1904.944335260
006516
005566
006225
004487
006810
000441
005867
000419
005290
000268
003829
001359
1705.080186250
001406
005732
005577
342.987016030
001093
004279
1908.944240720
2104.930126360
007232
004663
004591
002503
715.773585660
000551
128.905052530
001221
003146
002047
003085
004168
002010
205.581581690
001431
005543
2410.907860500
001627
1528.970284980
004149
005667
000247
001915
2021-03-01-10-2_BLR_IND_lid0_Frame002202
003783
003452
001477
000367
001248
005782
005060
006908
3673.975379980
657.907137240
005322
1928.942801380
006056
006783
005536
003973
2296.916601240
002049
000655
007194
001050
006373
003967
003788
330.616828370
007441
003063
000861
007073
004056
004863
1558.968050140
007146
005776
007092
002292
001780
002620
005633
006066
2021-03-01-11-2_BLR_IND_lid0_Frame000300
4014.949206180
002857
510.287945300
003409
358.986056500
3782.966892450
000431
3942.954281830
004846
786.996390910
662.906467500
004840
004033
3996.950486980
003331
006949
004241
000094
006029
002944
001788
005586
692.903996570
006050
006306
004647
007020
002191
000555
006573
000053
006804
006429
1976.939498120
005446
006664
002160
3902.957293570
004622
002726
001460
002752
002676
001694
350.714918210
005307
98.907595370
3826.963172080
2021-03-01-11-2_BLR_IND_lid0_Frame001500
001993
005681
006543
004899
002093
40.994341980
006559
000907
005129
002697
126.905464240
003277
006088
005460
3756.968773530
1994.937886090
002866
000756
002034
2450.904671300
1682.581902500
003059
000490
006662
006109
000804
4088.942615400
003729
007117
007249
001989
1560.967794140
004339
000522
4032.947295430
003056
000449
775.997550170
000606
403.837138190
002282
004655
005164
003739
002984
000132
002316
000371
006947
002086
004954
001793
005752
004064
006228
002798
229.979738840
005899
1690.958718270
006285
001590
004844
3828.962828160
000324
150.015831100
004389
007314
2082.931722650
006253
004854
001894
007430
006405
002665
005904
001724
006465
2314.914988480
006542
001491
57.993141820
002355
690.275379610
2112.929389240
002723
002595
002750
003951
138.931286590
005690
006254
006329
3768.967904420
005432
002447
002930
005034
001302
004597
71.909895470
003995
002444
001538
005092
003477
542.971869130
1548.968488040
001478
2021-03-01-11-2_BLR_IND_lid0_Frame004500
007090
005109
001428
000340
004534
006792
160.902103390
007166
000631
000697
000593
005361
002266
000390
400.982964340
610.911096920
005628
002698
92.908232530
004434
000081
003551
004761
005729
3898.957486050
004551
004423
927.537525720
002670
004743
1556.968098500
001135
133.717093480
003491
005725
005564
000495
006514
001588
006991
006754
686.904245040
004037
006617
001180
174.683764800
006844
005973
002328
004853
006918
004181
005935
000948
157.515143420
001153
000607
925.656026020
001508
001166
003800
004764
003406
344.986740450
007347
006768
006762
006137
007322
1408.978944780
2512.899990420
000220
003734
004748
2021-03-01-10-2_BLR_IND_lid0_Frame000802
007002
001829
004144
1681.481861830
003733
002211
007263
2144.927236130
006044
002307
1702.580394010
2014.936234560
002376
005778
004944
1580.966731610
002177
002441
3674.974924650
001102
003058
001582
004189
004061
004051
005482
1522.970494860
335.001289300
006967
003024
001879
1472.896748250
002721
001487
002966
006222
005781
002437
4156.937412660
2510.900369660
003291
000818
006012
002544
006519
007200
001258
001174
006587
003891
002565
000937
000591
003600
003134
680.575897160
001301
001973
005413
005988
002521
004756
1447.598504770
007458
000418
003718
001850
002145
2232.921475980
002586
4176.936195350
001461
003167
005246
007150
1696.280962160
003528
003514
006097
003789
005610
005887
003835
000201
003337
001379
005796
004707
441.875914480
003214
007131
006675
004202
007142
001736
002042
001754
1733.377781760
003189
003940
003689
2310.915697370
1648.962996150
007134
2526.998530380
002151
1938.941851920
004276
003310
006728
005264
007368
4062.944435050
001776
001601
005085
003772
000414
001668
003977
002230
005242
2312.915340440
004643
612.910695810
003456
000122
004960
004537
000327
1080.343963600
006990
408.982200860
3876.959321020
002210
006156
005741
002823
190.426794820
525.269301210
005936
006142
2530.998710870
000162
002650
002515
001620
004406
000230
000366
2210.922908720
007011
006433
290.619149430
006334
711.902263110
003090
005572
3862.960570330
519.627543930
001931
006666
1728.956204370
004953
001040
006586
004238
1794.951675130
007349
005819
000233
001839
002819
005335
2070.932538630
006081
003900
002972
109.888724490
001272
002833
850.262790160
000811
006568
000342
59.293079660
3856.960803170
000812
003121
600.911917870
006281
001399
000183
004626
004087
1468.897126140
002562
007346
3866.959763070
004785
001418
001766
51.993593540
004771
4174.936122320
003239
004035
224.680116130
005152
007035
006926
002284
001556
384.984341470
005198
1702.958025610
005229
005763
290.304462760
002518
002590
005915
005927
004183
004107
001529
001164
007296
006298
004755
003661
1001.431748080
006067
1840.948847700
000166
005484
003125
3912.956195360
004507
180.312650650
005391
003133
001056
3690.973440080
003738
332.987829770
002715
006715
005538
002856
007283
000437
2370.910892060
003991
007326
2508.900189760
2348.412805680
007327
004196
237.878858750
006780
000351
852.743458130
003136
001255
001934
002314
001547
2486.902284740
88.690516840
2021-03-01-11-2_BLR_IND_lid0_Frame001600
000970
519.469768760
1160.838196200
001172
007413
275.820205970
001842
003336
006692
002545
006546
003779
002995
1812.950422310
160.315136470
63.592409180
003949
006729
000076
005608
1438.977022640
005508
000802
005062
002228
001881
003698
002305
001880
006213
2021-03-01-11-3_BLR_IND_lid0_Frame002000
000466
002677
005638
407.982321080
000281
007223
007037
001823
001810
2330.914277370
3886.958743560
1410.201701220
001865
520.972804680
005715
1436.977210400
1608.965075480
004674
006561
005355
005324
005829
2482.903036750
1020.879841590
005300
003694
006282
006505
007410
001648
001696
003219
003464
006574
184.912181400
1860.947640920
1567.967501340
000403
003487
2008.936858250
002731
158.914673940
000743
004348
006477
000205
000668
004214
004284
2400.908737830
004630
007444
006589
003916
003445
001580
004151
004020
005466
002395
003143
006968
003324
1431.799888470
003820
002479
3936.954358850
000583
006865
001479
162.902090610
006009
005354
003990
478.976260350
005227
001968
213.881309700
510.973436500
006601
390.983627480
007087
000369
006772
007370
2021-03-01-11-2_BLR_IND_lid0_Frame001300
004308
007387
2130.928320770
001936
002814
004315
006694
001445
003161
004218
001064
004166
003436
001148
452.978726340
794.996166170
000949
1762.953801850
002448
003102
000084
000168
001904
003596
676.905445490
000176
003265
003980
001370
002613
002994
4166.936683670
003552
004100
006364
005144
172.901080630
224.996059650
000571
001546
004019
006481
1642.962841850
001385
2464.903982440
006734
114.019603300
006459
002335
007298
004240
448.933910930
005031
004162
1856.947679720
003405
005923
004221
005793
932.237272250
002733
000501
004325
002921
001200
1010.949750010
006155
004047
2040.934752150
004602
002747
003027
007457
007359
232.995498520
003028
000614
005172
001098
006620
006702
003582
001290
000632
002880
002954
1766.774729310
000748
000217
000758
2262.919162230
591.512392720
003069
001377
006567
006676
3910.956398540
001300
002057
000844
004810
72.391829380
004752
001203
001482
005495
546.971272510
3894.957848190
3718.971020830
005477
1510.971706690
003999
003724
005980
004228
005463
004851
000798
005048
004834
002401
004353
001235
006122
004578
90.590598420
000751
001559
005974
002909
007378
006690
004116
002486
002893
004050
000753
004330
007047
814.994758800
005597
001889
000444
006132
003860
006540
003521
450.392521860
002961
004945
005043
004963
515.727584980
004027
002178
004173
2034.934814030
2170.925805550
004072
000293
007402
001622
1852.948116700
002830
003961
1488.495307010
1588.965983560
000278
000334
006538
007183
3958.952961560
000155
597.968191210
306.989642020
2514.999370800
003166
2021-03-01-11-2_BLR_IND_lid0_Frame001900
368.985553920
004059
001534
790.996166640
000536
2458.904223360
001136
003210
432.980253520
640.908573840
004916
000857
717.954570870
001858
004186
003281
001794
006337
001261
609.911190620
4178.435768630
002061
000311
006047
266.976910920
003545
002607
006770
004711
001751
005563
002391
005605
335.816191460
3684.973940340
006824
006412
4172.936518110
000316
004466
004742
450.333640630
2100.930591790
006997
003455
006261
006679
005873
007156
000167
004460
000365
001808
005089
1782.952224000
2280.917518140
004023
2422.906901770
002904
005816
002319
425.335654510
001068
000856
353.940548880
006992
601.911601110
001953
006002
005513
004298
003482
000124
642.965272680
001746
006024
006986
2021-03-01-10-2_BLR_IND_lid0_Frame004502
550.085048580
004721
1676.960537270
002958
006230
001901
000504
007228
005116
004509
2300.916447030
006815
45.994092100
003780
003240
006955
001669
000080
712.902328130
000951
2350.913267580
003681
003303
476.976419500
006941
000067
005841
2460.904376870
006668
006581
004377
335.271673970
003397
1332.808070650
006094
000543
005971
000117
002871
006032
003470
004243
006575
004225
006180
005617
003934
002575
001420
360.569501830
003717
004788
000171
1472.974150700
006278
001636
1024.679592390
1018.779836350
631.965945030
1430.977751660
002891
554.970717270
002019
464.977720230
007281
531.626531560
2196.923700500
1978.939771420
003357
003229
004873
004559
004253
273.876315340
003041
006545
1652.962235170
005444
2324.914748650
2354.912648320
360.399346290
004583
002327
000219
000433
004512
002791
000796
000723
267.876343630
001875
004246
000821
630.880008680
202.281928830
334.987568550
004797
000924
006843
003784
005858
004581
003883
004510
001835
005406
000682
006872
006564
658.963821280
1452.976076160
005911
005674
005762
3842.962003250
006826
227.079560850
348.986640770
004538
3976.952186630
002410
005036
592.312387730
001373
465.791447090
105.034403320
000331
006927
001840
006522
000290
004085
007144
003483
001657
005749
000891
004796
005822
005986
002800
001267
000514
003743
001665
003730
000569
003046
005360
006883
000587
006113
005501
000646
005722
001632
006548
005497
003127
004141
1274.611797890
003790
003338
1579.967086160
001197
001514
007186
004918
002469
2404.908528240
001103
002022
005552
002809
1956.941022090
007153
005526
001852
000011
001409
001587
128.518210150
002630
003607
000661
000988
001151
004757
004317
005982
004765
005188
2372.911204820
007304
002107
005907
005269
005951
004381
003792
004773
003564
1540.969448800
002246
006420
346.641227760
004979
005893
110.914995410
007129
005626
005877
007038
007381
003226
002839
002396
805.365995200
003224
000916
1708.957757810
002336
3694.973243970
005541
005143
000626
001059
001716
001435
005609
007297
002354
003672
004210
370.798802150
001107
003266
003211
004518
002598
005345
000465
005659
005468
928.237328670
002288
006139
002683
86.990612500
000609
2152.926740040
006028
005476
147.830724970
003283
001997
603.911341260
004912
000237
005592
003190
005797
001218
341.987454380
001353
006240
005823
004012
005917
006219
000995
005817
006290
000720
001574
003096
005742
000118
003145
005912
004991
002195
005006
006592
000540
000638
2518.999310850
004074
000349
007075
2298.916636600
004476
000069
002344
001143
001569
007376
005021
3968.952476420
127.818091620
000803
002113
006831
004601
007132
003653
006652
1429.900149610
2021-03-01-11-3_BLR_IND_lid0_Frame002800
004350
001980
000968
001206
002144
006053
006956
003737
000820
004392
498.974348410
003604
003298
006117
000786
4142.938714350
001209
004239
000903
752.999395090
400.992714070
708.902946640
000101
1666.961066190
003937
442.979722220
3770.967640390
002684
000600
003979
003721
001348
002389
005096
002818
003255
004236
2072.931980340
2021-03-01-11-2_BLR_IND_lid0_Frame001700
003649
005200
002461
000002
006000
799.947567370
004715
006888
004472
004837
006828
000193
004032
005005
004383
006948
003706
158.902260990
1384.204060810
004585
006119
006818
426.335791350
005842
412.377893240
004462
001309
004165
000773
003366
006212
004548
005805
1579.090355550
659.564179810
006295
006118
002983
003315
005860
002030
2156.926588660
006771
001758
005201
007446
002257
004373
003088
005562
2046.934472080
004043
000411
004272
002393
001458
006206
003443
1590.966291150
004645
001464
000035
002687
1768.953491670
003972
003447
002494
007301
003881
006482
804.047567800
1235.232941180
003275
000516
000271
003297
006105
001367
001343
003279
002138
004606
001951
000073
005442
000560
000267
003668
006013
007187
204.997726120
000887
002137
003179
002712
004990
007154
000477
001791
3702.972120470
007190
000364
005692
1816.950633460
003342
002555
007175
000836
005320
1260.631502470
1740.955177080
000158
000831
3800.965134410
003801
004814
003652
006937
855.991296760
000399
006595
002157
004120
007136
003446
006385
005480
000393
004519
004245
007168
416.981594570
001960
007364
004388
1508.971544750
001800
006509
002581
006747
007124
001646
000737
000700
006235
000767
005046
1776.952634200
001189
005622
007374
001030
1712.079605420
003339
001567
005884
000608
004701
006143
003748
003081
006182
006393
005607
004530
000126
004967
002907
004998
006723
006934
005467
000144
000368
006131
005574
005799
002579
803.995518490
006160
007141
1460.975213730
003677
007319
003570
006227
000699
1150.339007170
003377
000355
002368
876.841130900
003201
004680
005379
1741.877003170
001308
002481
005073
001570
001896
002517
004763
004083
004705
006111
005779
002751
003359
003740
1672.960925080
007225
2021-03-01-11-3_BLR_IND_lid0_Frame002600
555.584629700
003843
003010
002673
2396.909171790
006775
006526
004802
003701
006681
001289
003371
97.990223260
002003
005909
005665
699.903389430
003399
2021-03-01-11-3_BLR_IND_lid0_Frame001700
003670
007469
000658
1644.963022580
001677
2124.928565450
006853
006341
005448
004610
2021-03-01-11-2_BLR_IND_lid0_Frame000900
2048.934303350
711.255047230
2418.907635860
003392
374.838881230
006471
007163
703.903355760
005479
000750
000145
000003
003373
000517
2359.911749980
003124
002379
001563
001825
005074
002792
792.848471070
2021-03-01-11-2_BLR_IND_lid0_Frame003800
006485
003200
007477
004215
005456
000707
004798
003013
003556
001611
001244
005271
1770.953461670
002642
005296
4024.948208940
530.926510270
000678
000453
002106
646.908246140
002507
004882
001511
004230
1626.963931150
001699
120.633101500
001341
004081
004286
006130
005668
360.985720090
005518
006001
002185
000986
005531
2304.916180210
001926
003370
000833
004446
657.964037900
004815
002173
215.996857770
006128
004128
007235
003997
000701
003052
006207
003933
003417
006365
001295
007023
007438
001362
2021-03-01-11-2_BLR_IND_lid0_Frame003100
000038
000463
004862
007101
001817
1932.942746510
004498
000913
168.514188130
004390
002039
001543
002183
007189
001645
190.482923310
1662.961501480
182.900194280
004993
1986.938669590
230.308491320
004127
485.389989500
004860
003147
005407
006539
007377
005103
003529
006977
005332
1727.778268470
006714
110.288870430
004247
2434.906034720
001862
003433
005038
003699
001679
640.965486640
006167
003022
006847
002120
006089
005486
320.817318410
002487
1027.179084030
1922.943204010
006299
002627
006632
003053
005032
001346
2021-03-01-11-2_BLR_IND_lid0_Frame003000
1694.680809350
002293
180.900720140
444.979628300
004095
3736.969770870
007290
001898
005913
001918
2021-03-01-11-3_BLR_IND_lid0_Frame000900
002522
003836
005428
3944.953901420
001215
005084
002546
004321
006305
005063
004256
003004
006065
005051
001872
006686
002690
192.999312970
006973
532.972018770
000263
002692
004156
004142
001256
2076.931818120
005375
002231
004696
1636.962999240
005162
005671
007016
4090.942342560
000256
006046
000241
004232
000978
005025
106.915368660
000728
000302
006845
000566
004804
002248
005236
522.127288790
739.753102480
007165
178.113265480
003000
004928
331.772053370
006456
259.277245090
415.877394220
004060
002124
000603
005719
006187
003049
003594
000902
004428
000391
660.907192120
002024
401.336989490
843.992344880
004361
005396
004682
003206
003163
005418
005654
007352
000055
003302
000372
005315
460.978374220
005080
000296
004927
001208
002766
005146
003499
003448
001007
006211
005924
004465
004929
002140
004337
002969
003018
005462
007120
000299
500.088817440
2286.917039550
006375
132.632057500
205.326029330
130.687474200
599.911786850
007201
005127
005238
002778
002127
003526
004078
006740
005319
007393
645.478950860
005256
007188
006398
2342.913299230
002071
003120
006247
1724.956346510
005057
001655
004231
006917
005981
000760
2376.910495670
210.997015010
003316
000777
003250
001821
003945
007254
710.902565920
000708
003195
000234
680.904364070
003758
003329
004900
3728.970614720
002534
000335
002937
379.538672530
003549
003968
007096
004438
000564
003544
002046
006488
275.992107950
607.911487650
002699
006878
698.903400220
248.994308360
002719
005402
007171
000255
005871
006637
000376
003350
006621
3998.949944290
006058
1964.940858970
2108.929710640
001977
005507
006811
006594
002776
166.784569070
003782
000406
005882
2044.934040290
001403
004648
005769
233.579288340
005392
004868
004414
007454
345.300656600
000885
000289
005471
700.903576130
310.273744470
004344
002222
000413
006214
000111
007259
2344.913526710
001678
118.906039270
005773
756.999199750
002187
000676
1022.579273040
622.909817950
004063
000714
007251
006346
000021
005523
001225
006667
002826
005425
2078.931962800
195.211534230
1432.977543180
386.938178820
510.328117150
001912
000683
228.995651900
267.421179490
004187
1874.946433230
003892
1758.775371770
003429
002016
294.990667300
000283
002073
001952
000005
004719
001039
1474.974212000
2021-03-01-10-2_BLR_IND_lid0_Frame002302
003985
004799
005026
004654
002256
001772
002015
002020
3812.964420760
000422
005208
3932.954846380
354.240540970
006349
2164.926142210
006851
000093
1704.957913050
001427
466.977424040
003901
411.981823930
364.985464340
005321
005434
001760
006033
006112
004195
000837
3706.971849040
007372
287.319446300
006328
2021-03-01-11-2_BLR_IND_lid0_Frame001100
002523
005120
005835
004921
1814.950887040
1494.972619380
002462
005772
001524
2126.928285690
006144
000456
3884.958564760
1747.776367030
003538
004125
715.902204450
007085
2092.930784300
197.782327190
001745
001273
120.905974340
003467
003870
103.634497170
006460
003831
006479
252.993735630
007416
003986
002986
1758.954336580
005606
243.578636220
007470
130.904732290
006631
1442.476789600
4158.937279170
285.205220570
004403
003811
003402
003970
488.930263990
005367
307.973693850
001168
1165.938210490
003678
006928
000994
000470
001020
001866
518.227634590
593.911891820
509.973635830
1605.888343270
001774
208.997591840
2202.923491290
003115
006755
001092
003450
003642
005868
003630
004544
004871
2021-03-01-10-2_BLR_IND_lid0_Frame003702
002194
002536
1568.967268850
2021-03-01-11-2_BLR_IND_lid0_Frame003200
003368
007455
003101
004212
002241
1115.041686610
007125
006657
006312
1414.978800890
330.801616420
002708
001976
006316
002351
004516
004822
004054
005837
003162
004969
005417
000102
006057
004356
000690
995.431683570
3716.971311750
001837
002271
001941
007094
003032
002614
001314
006059
003660
005975
1918.943304400
003534
388.993351420
003454
001013
003079
003906
1820.950152200
95.490294080
003492
006037
644.965114110
620.780588490
000855
004898
2021-03-01-10-2_BLR_IND_lid0_Frame001902
002212
001614
000310
003540
812.994735460
000000
004478
411.477813410
002850
004904
502.428986050
1019.879795070
004265
000218
001137
005061
257.377359370
000113
2134.928052180
005228
613.910760970
003249
006585
004400
1808.950859220
3676.974852130
000377
005958
005814
006138
006446
006969
001681
002165
000521
004628
004736
2362.911668240
006502
003647
006672
001595
001557
002868
002842
004261
696.903595610
691.904298260
001129
001664
4076.943735020
005533
006432
002533
003267
003243
004726
000389
002356
002048
001704
006936
005675
006501
002641
2020.935515200
006153
004294
003798
003403
000832
007098
000345
005555
262.993157730
000120
423.535595070
001138
1029.779097260
705.574262960
004053
003707
002371
638.965598050
005304
005316
003158
3904.956802980
730.901075050
002188
000969
685.775402500
004432
003875
000637
000518
003421
006025
005765
006965
001715
006912
002417
007244
004536
007169
002197
295.075179100
007026
1482.973422300
004259
003280
005245
006237
602.967937210
4042.946810370
001155
001484
002067
004452
000295
005705
002585
001016
006895
003341
004131
005739
003519
001044
001803
006513
005341
004122
1361.706086610
003618
004730
000908
292.518961970
430.980638220
001453
000303
002224
005789
002200
001579
785.267881310
004789
1848.048242270
002235
006381
006303
000148
002574
006758
003921
003148
531.972284300
4170.936766600
1725.678541320
480.790253860
004102
002302
002311
2021-03-01-11-2_BLR_IND_lid0_Frame002600
005464
175.013493500
002163
4022.948423980
000959
003252
002643
004913
003700
3810.964315400
000588
006630
003062
002794
001940
005560
005875
006654
006766
005678
002369
005150
006915
003705
000741
002701
002700
494.974755500
000319
000149
653.907251710
007420
001701
006749
005438
002219
002813
004174
005441
003374
006040
005498
581.812785700
000270
2110.929767360
006467
003248
000400
002980
000427
005728
000004
003187
001424
006350
006126
002359
532.926177240
006183
000384
124.418266070
2292.916693550
000900
004039
000312
000216
000630
006035
850.991629300
000840
000888
001173
1025.348467760
007291
000090
431.035683350
003460
005414
003123
005685
001099
001229
002167
006255
2120.929153940
000243
005903
004772
2021-03-01-10-2_BLR_IND_lid0_Frame004402
110.234089990
002006
007041
004924
002746
005938
409.978143790
003819
154.385681530
003036
003209
005934
006903
001028
001097
005651
1090.943413330
006858
004042
001630
000623
201.810745330
003425
3852.961305260
003657
001749
006784
003795
000941
006291
002679
002876
007025
2488.902248690
001263
006052
002170
004254
004776
001832
004266
006659
002273
005650
000425
004561
002632
004323
001037
003845
006106
001712
000104
005744
003360
000817
000510
1696.958454590
006472
005177
004255
1744.954879800
118.718727180
1275.531992140
003383
006699
1756.953944440
000950
340.015734590
544.971258240
000956
001692
002729
002649
000497
003318
004458
002214
3822.963013780
007245
316.988999910
3960.952612780
3924.955228960
003871
001120
004178
005775
004283
006577
000089
1742.954753970
4184.935522670
007432
006954
000440
006455
005403
000185
006411
000841
002498
002848
000129
007118
000362
003221
001438
007433
006042
2021-03-01-11-2_BLR_IND_lid0_Frame004400
005664
004906
005008
000297
004569
006600
001382
308.989183220
007345
006634
003154
1518.971066980
002109
001316
000573
006849
005068
003952
005131
000128
007373
001096
000752
001548
315.402442500
001596
004938
1546.968944730
1506.972024270
004971
001787
2172.925741040
005596
006785
002570
006063
003203
001836
000186
000203
003609
420.694507410
006788
002192
1940.942336950
992.432658940
001676
001468
003525
004190
006793
000899
325.316808430
001532
1846.948521470
3830.962665920
000526
000027
1784.952321910
001691
001591
000775
1688.481017310
005207
006525
005529
001443
002596
002849
000989
001756
305.803144540
420.177287430
004576
001073
1486.973198750
000010
1570.967538930
006520
2021-03-01-11-3_BLR_IND_lid0_Frame000300
002718
003301
006171
007428
3678.974593660
006902
240.907993670
007390
2066.932534710
001735
005054
006781
000906
004895
001062
004288
005632
1095.843107690
002911
622.966685040
002894
005474
000871
000815
005845
001796
004790
005078
006582
000641
1722.956380920
001864
1880.946443220
713.901921480
000952
004565
260.221925890
001885
006614
005611
000469
001299
001231
006767
611.910830300
005082
001363
129.887280790
002472
003151
003431
003344
394.137679640
3712.971489050
001029
000017
005556
000012
000745
124.905674300
004604
006243
006019
006890
004292
005767
000746
003346
006797
002308
006691
001674
002352
790.667657270
007184
000800
003912
2021-03-01-11-3_BLR_IND_lid0_Frame002300
002159
007388
003535
003868
000488
001907
004651
007406
005156
000795
472.976953130
003696
005461
1572.467308530
654.964545680
005058
002858
006655
005431
004669
1634.963174170
006787
007196
002405
1534.969745680
000918
005684
560.970386470
004204
002635
003641
006571
000062
006552
007287
002933
000602
002962
004143
007397
002287
002032
003188
001455
006698
000672
1288.110649960
006038
002059
005459
004010
005534
006176
003238
1268.212493570
002779
007080
001882
005412
001430
001905
001845
000705
003504
137.016893510
4152.937797540
007133
325.501729530
006957
004291
004659
000914
006270
007167
006603
007395
800.547542820
001682
3844.961511190
006684
006085
003082
001354
58.992945070
002559
004242
002482
005894
001789
003920
001860
001032
1576.966805660
000373
006196
681.904792690
000417
005356
007180
000965
005647
006330
005071
180.928074500
000052
003996
002331
004841
003434
1488.095668140
000305
002427
135.517486090
318.988561940
004459
450.375004260
427.535937190
002497
005282
007091
2226.921984450
003317
003745
002703
003194
005657
000619
91.590855140
005325
1366.105813030
002428
004167
001816
1618.964577560
005359
003335
006484
1920.943131240
000689
000557
004812
272.992688970
005878
001656
000143
002434
002865
2236.920952360
003966
000542
005747
004301
004593
006191
001017
000892
003806
002702
002511
001742
690.904149480
635.908798840
000628
003435
004500
002154
3982.951677740
002968
002735
002963
002341
004436
2098.930335590
000838
005751
000225
2094.930728590
002822
000423
4094.942072730
003853
006653
003235
001052
260.977187470
000454
3928.954825410
004318
001140
000141
007076
702.903449700
000215
002190
002949
006390
522.972453230
003872
007003
001703
1015.649316160
446.979087620
003437
001571
001974
006670
006572
000401
005186
004629
001234
000409
2320.914847490
007425
005590
006413
000445
340.987516650
005125
007325
003987
006370
004813
005900
004397
005209
001986
004175
000085
007311
173.228827370
001025
002345
000121
002644
007086
006953
006736
003118
1684.959279260
720.172918100
005811
005465
006859
000754
002206
157.430291310
007308
516.972826050
004200
488.975202480
574.969873740
004957
003233
004003
004089
234.579044400
001198
006192
005806
001628
000346
001023
62.792947100
002161
005079
004028
4034.946781680
002017
001444
002312
000374
777.796927030
001133
000842
2021-03-01-11-3_BLR_IND_lid0_Frame001300
006875
005661
001356
4124.940082310
002381
004825
004886
002920
003522
354.515056270
002169
006950
004091
002603
007419
1732.955967560
006495
005743
2290.916963590
372.985015980
2254.919408160
000357
001709
003086
007043
1516.970850470
003356
1842.948741050
002577
002675
000845
726.901320630
003498
003319
006696
309.773794270
005239
006476
1454.975884850
005009
007460
4118.940546160
175.628327740
003888
002973
002264
006982
004417
003863
000114
006483
004082
007284
000562
002696
005303
004717
004930
3744.968816900
002975
002081
003804
1774.953250250
001773
002908
006961
1902.944565950
000523
004713
3838.962357370
006250
42.994197220
1752.954426720
248.978264860
002773
002512
004596
004171
007158
1424.978068820
005695
002542
320.988434080
66.992431990
1265.430980970
534.126408510
2276.917964680
006678
007355
004910
007066
004883
003064
002298
005509
1640.963172580
006996
000065
006389
001480
001251
002664
000757
003965
346.986754620
002624
006186
112.219441470
002051
000673
4002.949632100
001822
000828
005275
000992
003361
006427
007014
2220.922126320
001366
000410
004925
170.084387000
007415
152.630593210
005515
001058
002578
002423
002967
002610
000072
004387
006493
001942
001306
002965
003531
001175
004779
845.992304160
004668
002150
469.031780180
005783
004129
003688
837.992750050
580.969430320
001561
004495
003490
3930.954907680
005623
002324
003732
2484.902455320
003173
005599
000245
001685
1566.967437870
002881
003557
004524
003017
004324
731.153359440
002844
005083
001526
005872
001027
650.907859150
004987
002799
003589
200.326145220
005500
000100
005299
005921
003164
3784.966552010
000643
001535
005720
006464
006244
006827
1612.964951560
003502
002825
000850
000394
003599
002851
005937
002541
003763
2038.934572310
005369
000468
004314
1490.972953460
005570
198.998815530
1770.174209290
2064.932639020
2485.902092050
001262
001946
006615
006727
001233
628.965878390
001658
006170
000025
1031.878926410
2114.929456290
001987
000657
003957
000925
525.286828300
1888.945418870
002321
001252
006317
484.975462250
001459
003480
003354
003830
004188
1542.969181860
146.903133190
004722
006864
005179
005072
2306.915644390
001476
000554
004483
000719
002860
002110
000779
001072
001983
1914.943584970
004073
003516
006974
001002
990.351088690
234.995112180
006199
005640
677.904900190
004368
002075
2021-03-01-11-2_BLR_IND_lid0_Frame002400
004220
003854
001720
003960
3954.953269460
005380
000691
003950
001447
005691
004809
000192
006873
1858.947909960
005211
001350
000761
003898
005748
001205
630.965894440
000353
002879
005760
003274
1748.954638470
004394
002803
000539
005286
002005
3724.970743800
1974.939564030
001312
007206
1721.978560620
006995
4096.941911220
003846
1744.176761550
001906
006177
002072
2490.901885750
004949
000039
003440
112.906494860
006578
1319.308831900
002053
005294
004981
001118
005210
001828
792.996164330
003423
006008
1140.239660740
007264
001392
004557
007423
003186
1678.960153360
005770
001719
2021-03-01-11-2_BLR_IND_lid0_Frame000100
006709
207.281686050
007411
005331
006379
000313
004735
2478.902733980
005437
003803
006314
003666
007363
165.429363000
695.175051090
005340
001397
000550
006031
003168
835.863445680
001659
005155
000136
003272
004920
004689
007292
005384
005090
002493
002629
004262
000621
005851
004546
001410
002272
002887
006932
006202
006550
004635
003050
007220
006273
001593
006801
3742.969367500
004640
000134
005906
000826
001195
000579
003259
001507
385.297671800
1730.956121630
001095
001639
004108
005987
003501
003328
1706.957821070
004734
000979
002827
004111
002008
004887
000598
003867
001022
107.934313390
005787
000879
000254
007459
006090
004999
3934.954535450
1452.398190980
2496.901277230
006650
470.291139410
000434
4182.935601200
000883
005891
3870.959822470
2021-03-01-10-2_BLR_IND_lid0_Frame002102
2218.922509830
002793
001323
003576
1512.594046160
352.986508390
002960
001304
002036
004138
004951
003198
001673
392.983745690
3804.965046110
689.903920260
007139
004656
1962.941102120
002245
003030
400.796613480
007394
007231
002062
2021-03-01-10-2_BLR_IND_lid0_Frame001502
004749
005964
003011
002829
003813
001368
4140.938600740
2270.918178530
650.678492780
001726
000363
005055
002540
004229
001854
1884.945957620
006735
89.990728730
001339
001185
005333
004637
005703
004777
001495
007461
002397
599.968189790
601.967961370
006846
001286
007321
000491
006241
263.576926430
672.905631650
2178.925332010
006436
000788
004185
002563
005176
006380
003959
001384
170.901322090
2426.906770550
003345
000462
000330
410.981904280
003311
003067
004615
006486
004347
315.317909370
000876
002524
1796.951567960
001165
738.900742920
007122
005707
003348
002653
006133
004876
007208
003667
800.866623920
004029
004872
005213
855.561861000
002088
002134
007479
002147
006712
1930.942553010
006015
005259
006879
002337
000214
002304
000928
3710.971568030
210.009927050
000595
903.739477720
001861
000447
001031
005197
000541
2462.903985800
003849
422.981152240
82.291744650
005520
001467
002318
006998
003110
004471
003225
001700
744.999689430
000196
005141
2142.927356890
2364.911359100
1075.444484170
002329
003257
003475
001439
003287
002283
005791
515.387717360
2136.928087830
005237
005869
002513
104.819874770
001421
235.023398680
004137
001331
495.589030080
002950
253.177417150
1388.503769470
754.151596820
001786
517.827564730
006812
007229
005148
002668
004412
003430
003424
004894
000291
000420
002636
001227
004380
000474
001080
250.307086660
006210
005383
005121
006152
007089
001584
2360.912140250
007275
43.994198650
1890.945077790
450.979062440
001959
002906
001732
1365.305847190
003766
001542
005192
007237
006887
1834.949624730
001708
006437
003484
000153
004664
003523
006293
003472
1130.940784660
007103
006005
001643
000177
005718
000064
007271
007238
007079
3916.955925320
007207
006399
005794
002576
002193
001313
007288
004564
003385
004703
004855
006952
001249
006366
005756
120.218625030
006272
2021-03-01-11-2_BLR_IND_lid0_Frame004000
004724
003685
001003
004646
003640
004995
007405
122.832489690
006107
005249
2332.914190510
000244
000827
002014
001105
001157
004704
000670
285.219693040
007429
910.457839880
006020
002810
001871
003852
001204
004427
155.230450880
002899
000532
621.910024200
001079
000277
002309
006733
1980.939389480
1478.973680810
2176.925732310
006683
001004
2084.931655010
007137
4150.938041570
001919
000262
342.341319130
006599
2452.904885710
002143
007383
002617
001318
000031
002761
003656
1470.974361420
005786
005311
004760
003904
006203
3734.970052660
005169
004044
003704
001651
001848
005027
005346
001472
000415
000240
3820.963187000
305.717819600
005929
003571
006530
004767
2260.919007900
004249
006098
007448
005758
000966
005890
005234
000627
007226
780.268030730
885.959761020
006110
004362
260.993208080
005232
007386
000257
688.904249870
006852
1590.689516090
003994
007320
001134
006431
000530
004926
2138.927762860
004850
005897
4168.936573210
326.987802540
001402
005107
006839
004404
000269
007177
000261
004649
003702
003598
004768
003130
002080
3722.970691780
003141
007462
004970
003756
005966
006816
006959
006823
002957
002678
000799
006022
007452
299.974349490
000620
000333
005755
006376
004732
4056.945044080
006309
006554
3798.965218740
007104
006178
002189
007350
002347
004360
2021-03-01-11-3_BLR_IND_lid0_Frame000200
004952
007192
000835
2021-03-01-10-2_BLR_IND_lid0_Frame000602
005798
701.903426840
006861
002572
002035
616.910219240
005012
003989
001070
007256
1788.951785930
347.415149300
3746.969405200
001759
005821
005795
001114
2316.915108590
003034
1792.951802570
001811
005688
003382
004526
005458
820.964943350
001937
004879
3834.962571380
003496
005595
003621
004277
004329
787.248770850
004829
000601
007267
005401
006426
004251
005746
007261
310.202926690
000721
006249
004336
1030.778771750
006551
004831
003507
006929
006469
004642
4196.934157930
005706
000971
006322
006386
007465
007116
005454
004147
693.903762550
72.910205520
007048
007010
006292
007071
524.926773610
004176
000198
003025
006752
3730.970289400
2021-03-01-11-2_BLR_IND_lid0_Frame003500
005801
006782
006226
000397
003755
499.629481120
003254
000545
006449
482.975805750
007049
006325
000942
1458.975826350
003432
005033
003662
455.574360300
007384
000742
150.911642510
000356
005469
2154.926601630
004590
1205.434954030
474.976945680
005110
005118
111.788556450
006308
2238.921067530
002782
3940.954223350
005421
004338
004754
3878.959255160
007464
000801
007105
3806.964733880
002077
004197
006713
006445
005222
004832
003270
003439
000897
006716
001544
007447
1832.949218810
000251
005042
002186
001280
604.467980180
004600
005388
001167
004430
003676
424.535671380
001680
000498
1982.939472380
164.901544090
007088
2030.935015870
005810
000923
003033
001606
675.076250210
001910
148.902854820
1296.810373090
1749.976556130
1420.978477330
000320
200.997922940
2021-03-01-11-3_BLR_IND_lid0_Frame000400
002295
000489
000452
2021-03-01-10-2_BLR_IND_lid0_Frame004002
2022.935934350
002557
1798.951490810
004842
002504
003305
000687
004547
000919
007126
007227
001047
1255.031271130
2021-03-01-11-3_BLR_IND_lid0_Frame000500
160.884822560
1898.944481420
001122
005022
006821
001932
005349
000008
006103
007174
1000.250111530
410.836689280
005568
002730
005856
1530.970136810
004889
005363
004977
001389
001560
004787
319.273131510
297.618550700
2021-03-01-11-3_BLR_IND_lid0_Frame000700
526.926569070
002092
000130
147.816070490
109.220153730
000292
000910
003094
002123
004867
002854
1806.950866250
004731
000350
003076
2021-03-01-11-2_BLR_IND_lid0_Frame003400
007039
005094
006051
005636
002013
001259
001264
006351
003111
000839
001878
005898
002164
504.973816590
001334
005723
000249
001239
003654
000616
103.089603010
001322
003286
000762
004684
003559
2021-03-01-11-2_BLR_IND_lid0_Frame001000
004363
005416
003855
003142
005712
004955
1586.966325130
001336
002374
007241
006003
3946.953639960
007195
255.822693090
006841
005099
001177
000645
4112.940978740
006942
000996
003313
006611
001374
1462.975656850
2240.920507790
002056
001061
007114
484.130519010
1862.947297980
000248
1950.941231870
003805
000360
005293
001955
005240
003003
002788
001115
004447
001537
004306
005138
1026.079523090
007243
4148.938194640
004118
001851
006200
004018
001922
272.876842310
004084
004464
003177
007380
1658.961838960
001296
1697.580744830
007391
001192
003720
004217
001949
78.909667700
000096
2102.930635090
002501
003386
003524
337.515740220
001624
005886
004728
2186.924589390
004333
002012
005163
376.439081440
003597
001471
002238
806.995237430
322.988340130
002394
002808
003930
001516
004008
3890.958598980
746.999733770
2408.908138040
324.988185750
000260
005267
002069
003323
004781
007339
2414.907556370
003138
001388
2302.916042580
101.989484940
000649
005280
001528
005700
006776
000016
002130
001718
002795
2004.936877760
001697
004808
007338
4036.946984270
3750.968961200
139.986549810
005306
742.900203810
004469
000412
007348
006357
006616
000380
005111
001321
347.141263560
003874
365.499177630
003207
005011
005550
005178
002445
001897
2326.914597410
003569
001893
007013
705.902755430
001074
002878
003105
350.640865270
001466
002291
004738
000896
000778
000576
002380
001844
002621
421.136199400
438.075853090
000727
005979
003375
006904
005648
004939
004365
003561
265.076773510
005547
001111
006135
004133
003938
004811
005865
1419.000982990
004592
007422
003983
006663
002633
001653
1998.937590820
005119
1538.969524420
002974
007036
004881
002584
003617
001393
006164
386.038025260
005812
006835
001328
005998
004791
001199
497.329584740
002597
1735.077694760
005166
005704
005490
002720
002100
000264
001116
1604.965300930
003520
001757
005004
004567
1606.965296380
002934
002406
2308.915387980
003633
006448
001969
258.993288010
007112
007160
007021
000625
001504
002846
001863
004568
005985
004474
004892
003913
005292
000221
006396
348.440927510
002615
005539
4120.940273460
004296
001954
006910
003665
007019
000481
006618
003511
007396
590.968492690
002663
005604
005398
005737
002605
002558
000175
004094
001451
005511
002054
001988
005167
1446.976398110
004192
003601
000187
221.480641290
005353
2021-03-01-11-3_BLR_IND_lid0_Frame001400
1026.879247750
2080.931591400
005253
005196
005619
006339
001211
004958
4072.943920120
3688.973654030
004633
000063
3766.968019260
001311
003612
007316
003824
005399
002156
001565
005790
003865
000854
1720.956764540
006073
001310
007358
006628
000696
2088.931274600
006383
002564
006442
002861
006641
002532
006201
003558
003866
002258
003262
002322
528.226460280
4082.942813120
006403
004708
004644
002714
004454
006633
1573.967282020
001568
001838
006710
005870
004300
007400
280.519781220
001446
007285
007478
002689
719.901756440
004695
2021-03-01-11-3_BLR_IND_lid0_Frame002700
005470
006288
503.828726710
007269
006419
003401
000605
002919
000066
2522.999224100
2242.920384860
000436
505.528627770
001586
000718
002426
002425
005920
000451
003591
2258.919504260
2021-03-01-11-3_BLR_IND_lid0_Frame000800
000009
002561
005309
001992
006867
001515
003615
003759
004849
007060
631.909185700
001324
2021-03-01-11-2_BLR_IND_lid0_Frame001400
002737
002694
005165
003765
000424
003095
002946
001649
004378
004270
003610
004884
003711
558.970198470
001502
003495
004793
007426
006925
005140
000629
2024.935992360
006746
006590
004598
001831
660.277458400
001966
2021-03-01-10-2_BLR_IND_lid0_Frame003502
003001
000582
004006
003055
000567
211.181360680
002529
003578
005436
001956
312.989217860
002182
000958
374.985299510
002126
004506
000140
001933
001613
005017
001338
006443
004780
001253
002225
006468
002942
637.908940480
000580
006560
001964
4126.939759170
004729
005827
006981
002672
005216
007210
006080
005768
002505
006700
004055
006820
002262
480.976139530
006165
001277
002415
004021
004653
000940
003236
1830.949712870
002125
007057
005285
005424
006188
000725
006185
000597
001147
006205
002816
003006
000448
001437
560.984052420
005535
002979
004852
003671
2021-03-01-10-2_BLR_IND_lid0_Frame004102
003196
005371
002510
003643
004264
003364
001846
397.237453160
000147
004303
458.978362900
005126
001799
001722
007408
006145
006404
005730
001422
002705
005045
004234
310.973633130
1944.941850160
005231
004861
000852
718.901734320
002116
005404
005023
4092.942148390
000370
004770
006739
001902
501.728873740
007055
001179
001494
004836
007389
002594
000398
730.172179550
004975
2006.937040180
000071
001785
001637
003719
3882.958880610
007084
001364
343.141463810
004396
000077
004235
004865
002924
003809
3772.967737050
851.443653300
005204
007435
006414
002771
003390
003428
003057
001768
003767
006439
004391
176.813357170
004026
001617
005423
003963
000043
006701
000764
004594
006583
003858
006224
000253
002313
3740.969639210
004031
004521
006897
1410.979251840
004911
003837
004345
000529
592.968385550
004119
003278
2204.923286690
006096
006421
000789
196.998558520
005159
003289
001795
003687
005635
004571
005551
1693.480878240
003907
001045
004838
002289
001355
3950.953580910
005862
003878
002686
000044
006327
2002.937051670
529.826685070
001602
005221
001713
005833
001067
005621
004157
000459
002108
356.986374380
004934
003695
3683.974288510
44.994001220
2021-03-01-11-3_BLR_IND_lid0_Frame002400
005016
001326
004193
004258
002943
004786
006871
003692
626.965879420
225.624728130
001562
001998
3974.952155030
4048.945761320
724.901461860
005301
004159
001337
003160
001737
001083
000502
001812
1712.957470400
003343
000106
005889
000873
003246
004163
000507
001139
002959
007335
006711
000771
002547
002568
465.832054250
735.900688510
001317
005276
002216
003500
007306
000476
1942.941979080
007059
006769
53.993122710
005487
002847
2021-03-01-11-2_BLR_IND_lid0_Frame001800
001400
001783
001413
760.998959430
006744
001767
001870
004479
005291
001847
007356
005753
003648
005086
005124
003932
006172
006924
000341
122.318335410
001553
006891
005931
001990
001895
001666
004492
295.118954290
915.557041550
002841
469.977264570
001729
2021-03-01-10-2_BLR_IND_lid0_Frame000702
860.061863260
006461
006523
002476
004972
001214
587.312343190
005358
1512.971404800
000537
1968.940365830
007414
003169
004106
005098
004662
2487.901988490
830.463982010
006108
682.904413220
007367
004374
770.769048300
003588
445.233976600
007398
965.253077440
006010
102.434677690
005992
006490
000272
2446.905251510
154.911351270
1952.941199530
001181
2334.914425900
005968
1718.956579320
006923
002925
004411
2272.918028250
586.312575370
003785
590.412225010
006355
004071
004720
1804.951062370
438.980451210
003728
004508
580.182603410
004805
002364
004587
003355
001888
002473
004746
307.417829590
000781
002739
000015
001158
594.712126980
004554
2021-03-01-11-2_BLR_IND_lid0_Frame001200
004833
006984
000337
002242
005457
003869
001232
004937
001698
001026
006541
003593
000493
002661
002475
1707.079926210
003634
2274.917789730
002076
460.691901640
005154
000284
002765
003889
004222
000912
000307
1752.376162250
006231
1764.954042820
007472
005567
232.579417180
003664
004525
2278.917387190
552.970983630
641.908544300
001849
003982
000178
000681
000552
007052
000848
006377
000783
2021-03-01-10-2_BLR_IND_lid0_Frame002002
004775
006732
001219
007340
005171
003465
005491
3840.962091800
004973
001833
1746.954770390
002422
002471
000807
001856
007258
005312
002525
003816
006704
96.907805270
002940
004170
006697
434.980568560
005693
007219
002180
004835
005978
000809
002096
007332
575.969591730
002104
3988.950983200
001820
003367
001911
004076
001978
004496
002085
003943
006534
354.986398090
001873
003308
003031
006457
000190
007248
003554
005990
836.993063420
001271
2174.925625220
001521
002413
000589
006030
003684
1060.946187500
1356.806578060
000664
327.316872440
006836
000901
005279
002055
004869
001088
130.018100070
001076
006687
001890
002691
2415.907703960
000882
002651
003217
370.985206330
006693
003539
005128
006975
004896
007130
003092
003394
006720
002552
624.966396470
000920
1554.968247750
176.900928450
004139
3858.961043630
003330
4044.946130240
247.722707000
003971
006204
005832
2021-03-01-10-2_BLR_IND_lid0_Frame000402
006489
000006
006817
003840
003208
003478
005571
001730
004490
006989
004280
2420.907277680
1882.946329340
310.989491300
210.825229720
005115
005049
005334
002079
005007
002654
3980.951532320
007215
000813
2158.926498310
003616
428.980951150
004880
004888
003777
002783
000282
000430
605.911510320
005173
006512
528.926774820
002411
600.968219710
1125.641137570
001695
006598
005297
005136
003832
1766.574638850
376.984634940
005352
000513
006124
000160
000797
002743
001802
001603
007272
4098.941800460
003910
006506
005445
1800.951102240
537.971718180
003637
001019
006335
3748.969094410
001740
005580
000586
003553
000915
004092
005902
003736
366.985601410
001170
006289
006179
006163
004857
006515
006796
002956
002938
170.528703830
3671.975674140
2430.906534670
2128.928668500
005262
006533
1412.701709470
003103
005440
001288
000209
003468
000877
002763
516.527701200
006750
000749
006935
99.989441760
001868
620.966597870
003638
3992.950899910
005828
001967
000639
005663
004334
005995
001923
001583
003679
006234
003393
566.666961960
004477
001914
002790
005191
001395
286.675623820
118.187939530
006688
003735
002645
006725
001222
006367
000617
2504.900617430
001269
003258
004352
002828
324.172818940
005630
4070.944064860
2021-03-01-10-2_BLR_IND_lid0_Frame001102
1473.796644720
002433
125.432512280
003817
176.983807140
000846
000731
001609
004980
001734
002638
005522
3850.461174300
000895
001615
007442
126.987189000
700.175004060
006121
006220
002158
003623
005949
000782
215.209679900
005854
003574
003752
001943
006338
730.753622790
000984
005040
000232
003884
192.511460590
005838
005549
002023
4068.944277700
006361
420.981468950
2384.909906140
002105
247.978022050
001398
004372
003411
002365
003144
001486
005584
003954
1954.941118190
003797
002115
3888.958229170
001246
006605
001405
000511
004433
002446
003109
006127
002268
003108
003532
500.974186910
000790
002660
003847
007412
006474
004989
002252
188.811974860
1277.211757820
1431.400172540
001739
003899
328.916198450
1515.093881580
1876.946482320
001939
754.999270470
003172
002639
005962
005824
003825
004698
004445
4026.947675310
490.989200990
3786.966763410
002103
005510
2068.932714360
268.776745190
000990
002414
005489
241.078359650
005035
2498.901517830
004154
005866
007329
007246
005660
007475
007341
000864
002477
000544
004121
006774
4146.938238050
003896
007040
1520.971016350
006161
000755
254.993587840
000983
001578
004097
2021-03-01-10-2_BLR_IND_lid0_Frame003302
006856
007004
005859
000884
003955
004716
005214
002741
007157
003915
004914
298.990256850
005377
006562
004968
000146
003453
2122.928782010
235.408365160
001996
655.964416070
226.995934870
2340.913507830
801.995433490
002285
414.981756260
003560
002094
006834
004641
007401
2438.905833490
002955
1670.960654690
005112
3778.966994150
002303
1504.971897410
007323
003395
001549
4010.949206510
004572
520.227228870
007005
2021-03-01-11-2_BLR_IND_lid0_Frame000700
3938.454447990
005967
002693
64.992748150
4144.938618360
3776.967223770
003066
002460
000404
003026
005365
004148
001503
003773
000088
001358
301.574539080
005381
002817
002707
003635
002121
284.991510590
001365
001777
006266
314.988812880
006706
003486
001475
002463
005857
005305
242.994513430
525.526794470
2234.921482210
796.996131670
005122
865.561383650
006580
001191
003245
005067
001991
002989
1755.075746790
3948.953537400
005288
004919
4114.940920510
006909
000235
1210.834542710
002976
000239
001576
001714
2021-03-01-11-2_BLR_IND_lid0_Frame004100
2398.909011070
004413
006049
005376
005696
005941
004923
003764
001357
004856
624.909787950
002058
602.911865670
257.421958380
001330
535.685968700
001869
1301.009914070
1440.977102620
006850
004268
003481
005578
002281
1716.956958110
006402
2424.906829840
004686
005187
142.903375740
246.578317170
198.711144850
220.996347540
005948
76.910039670
1750.954603290
005024
005257
2477.903034690
000173
003400
001512
1598.965692790
005400
000152
007299
390.467234290
005284
003459
002467
003273
006789
004349
168.901437260
006673
005105
1023.979448990
004007
000392
004384
005618
002263
002450
005594
007099
1704.780101000
006719
002455
004609
1450.098421810
002474
002488
001830
006416
006418
000508
000862
000169
1638.963156620
1906.944256290
2028.935690450
107.919466360
004364
890.940184560
550.970928930
005655
006882
002538
002704
000279
006609
006528
222.224416160
005561
006524
000211
000851
003697
000563
001916
000538
373.839112150
663.906474870
007070
001541
230.824098950
006215
004588
003132
001009
1021.379824620
2132.928156870
004316
005190
288.991220010
2284.917590930
000438
005642
003629
007450
003807
001711
001607
137.331589480
000328
005409
005545
005788
001411
194.999075040
630.909501660
001531
000361
001425
001369
1406.502119050
1270.530508830
005504
001084
006931
000378
2116.929074840
001513
003851
001034
005516
2021-03-01-11-3_BLR_IND_lid0_Frame002200
002775
000443
003074
002270
2021-03-01-10-2_BLR_IND_lid0_Frame002602
006566
005374
2021-03-01-10-2_BLR_IND_lid0_Frame003602
4038.946645970
005591
005348
1900.944681630
003663
001283
006705
003205
3700.972631600
001085
007289
1766.953413960
005774
435.534752680
005050
003256
398.537345510
304.990088790
004706
002736
508.028592640
1810.950707200
001982
005426
006884
002918
002910
1878.946489900
1480.973618750
004634
002496
000098
002662
1700.958162880
006971
2160.926169380
006363
001962
001285
2188.924967920
002373
003527
006480
005452
000407
006454
004515
003841
001616
006267
003651
1714.879283810
002681
000229
300.990531670
1664.961336210
005001
000636
006218
006980
4186.934756420
005919
002208
006023
467.632204940
3758.968431710
000482
1870.946589260
006840
002998
2021-03-01-10-2_BLR_IND_lid0_Frame001702
002070
000046
002436
002083
003879
140.904073220
000202
003856
1028.979185270
007081
156.902516260
000348
006756
006741
001522
004199
006075
003347
004273
006318
004948
001226
002535
001106
006422
278.991958190
003974
2021-03-01-11-2_BLR_IND_lid0_Frame002900
004658
006863
003709
005252
1624.964022790
001390
004878
001349
003548
004375
005261
001642
007033
001804
1401.202520660
2016.936301310
006569
001887
007240
004132
004545
000123
002236
1896.944993620
678.904882530
004974
734.900792920
003828
004661
001575
006606
004725
004237
000095
166.814186630
006511
002509
001320
290.991430640
003791
000019
003352
000738
004903
004105
002667
002744
006612
004493
000768
006855
003969
003550
490.974853350
1435.899778500
655.907279410
2406.908156190
002253
001069
003306
003503
006962
125.187753830
007451
006257
635.979772490
000680
000765
000179
1526.970359670
1385.503955630
148.911984720
005235
1730.078104400
000926
3788.966520370
3926.955097350
004420
004096
006629
004115
001146
007069
002031
004070
276.876209090
007476
002181
003590
005639
1818.950436890
006083
001254
006893
007028
000047
004179
002004
005430
001011
2208.923005740
005808
003838
004450
002556
001809
1850.948048470
1699.680813300
005761
006838
002301
004488
004683
002332
004582
000716
001449
001779
000165
152.715218170
000870
002007
000125
005963
002141
001159
005996
001883
002360
000099
003655
005411
003725
006638
4188.935017950
003844
004307
003908
001554
005544
004531
006262
001184
007234
004290
004961
003802
004986
003894
006497
006537
002489
006345
586.812455800
002306
005840
440.980170580
001672
2021-03-01-11-2_BLR_IND_lid0_Frame000200
638.908562860
000774
2380.910455280
003722
000506
001090
4108.941428280
003691
000471
006607
001597
001652
2198.923869650
006055
292.990641980
007324
1422.978423550
000208
007399
006114
001202
007065
000793
004555
4130.939379950
4052.945354350
005019
006099
001499
001527
004473
000869
000980
003312
003565
006674
002286
005689
002877
005278
001585
005984
002768
3964.952871260
005451
002902
004233
004440
007093
003153
004011
002872
003461
003555
006930
002655
006798
003404
3720.971179430
005524
004693
006627
000712
003882
410.695950700
004709
000428
348.815011350
004376
004552
003197
002339
000547
005699
003518
000512
005064
005108
006368
004964
004828
006473
002419
2288.917245160
005189
006387
000057
000395
005724
001123
003212
006071
006093
002223
005834
006645
003419
001540
004699
3814.964001580
007051
005314
190.999404400
006302
001641
530.486415300
004146
004271
005114
005427
003723
2021-03-01-11-3_BLR_IND_lid0_Frame000600
003485
007024
005364
006069
005585
004386
2516.999385230
002398
000402
1738.377438710
005950
000416
006906
2502.900465700
003176
001929
003307
003799
000528
623.966606100
004915
004956
002997
1700.280701090
003251
004402
006344
006238
2256.919391440
1946.941632440
000105
001360
004543
001169
005488
005298
1120.841551750
000549
005502
004700
002580
007230
006748
2021-03-01-10-2_BLR_IND_lid0_Frame003002
001352
006462
005846
005132
007293
002914
001213
001640
004117
804.995538870
006440
001270
001127
006892
005540
005277
006470
003149
002362
005317
000987
002843
2366.911132690
004216
004922
007107
005199
006016
007034
002095
000086
2090.930914700
004046
004688
005310
000050
001005
2074.932013880
001721
1215.334098490
006597
000577
2468.903564500
003413
3978.952008070
004062
003381
000847
006718
007334
007385
002915
005731
2096.930830480
004514
004902
002149
005738
004206
3780.966915220
006819
001375
005881
001419
1564.967666400
006287
006885
424.981483560
004485
001128
002175
001381
2481.902935650
006168
005955
004670
514.327661260
4000.950033800
000816
007268
002132
003192
004068
003925
003178
005976
005677
150.902478710
001329
2470.903475340
000578
004870
2021-03-01-10-2_BLR_IND_lid0_Frame000302
005077
003686
000963
2060.932989740
2118.929302780
002136
004575
004503
003244
003886
006447
005170
002885
006649
002361
005698
006742
005435
000308
001660
005496
001230
391.367052920
006786
006717
002935
006095
002456
197.326577820
825.964353770
003171
001765
004907
3832.962758050
762.998879580
007337
002215
000938
007213
4084.942731270
002508
1448.598569340
004153
000029
714.902224800
001284
185.083316980
003043
004057
001333
003469
679.904926110
001450
002553
006527
001021
1936.941811670
000298
004931
184.900062260
005956
005517
001891
002901
001621
006275
003796
002990
006149
345.815327240
001798
005419
001600
003351
003150
003839
006123
005825
005576
005803
000858
004260
000450
004599
2166.925888620
000806
005645
001963
3764.968007890
000484
549.971468050
007453
005702
1021.979887410
4138.939088600
004727
000829
162.529441860
1680.959757180
002706
002734
003753
003627
006761
002229
4116.940724850
002402
002260
000724
000224
004164
002490
003669
000610
007162
007427
005029
004257
002171
005850
002592
002002
002618
006451
2021-03-01-10-2_BLR_IND_lid0_Frame001802
2021-03-01-11-3_BLR_IND_lid0_Frame001200
623.909814620
006248
004140
003613
3962.953033810
002102
002805
004875
000819
007000
001101
004351
001274
000022
000461
468.977096250
000653
005994
511.528051860
634.965741010
001965
004248
004016
002756
562.970311550
001608
388.983959560
2021-03-01-11-2_BLR_IND_lid0_Frame003900
000159
002218
004227
006532
007233
004209
1786.952034640
005940
003218
004820
2228.921750940
1155.138763700
001647
2294.916806080
003862
001612
007331
003776
002383
000007
000972
006608
000585
001436
005160
4180.435743930
007310
005653
001042
1600.888524320
004101
005258
920.456754950
126.018448420
2021-03-01-11-2_BLR_IND_lid0_Frame003300
005528
1536.969817130
006790
2184.925120680
003914
001706
002836
1416.978495540
000693
006624
003566
000675
007063
1715.479102810
100.134825400
004359
001361
186.812145720
005153
1040.747714860
004639
007022
005362
006194
2018.935821350
001351
006343
000692
006271
005281
001917
006536
004058
002367
242.578548850
002247
006677
000301
004067
005095
005892
001985
002631
003754
336.987537070
002217
005347
006558
006685
001441
002680
001631
653.964895380
1466.974595180
006175
004052
3892.957997260
006084
007295
540.185481360
003322
007159
002652
001523
732.900392110
456.978578450
005614
000273
003568
002060
004733
007303
003761
440.893257230
005947
41.994155800
004816
003412
2021-03-01-11-2_BLR_IND_lid0_Frame002000
003427
003117
1838.949031020
000383
000294
006043
003659
005203
002442
000667
002370
005716
001841
000843
4040.946797350
003614
1602.965524570
006565
810.995110710
001769
000936
000964
002390
1790.951885210
000868
006401
005274
005960
3752.968816540
001689
006636
007409
183.027532240
001950
006660
001150
007176
000329
007211
003299
004792
1780.952491620
526.972645580
003282
003065
1527.892858930
000527
000559
000568
001015
2180.925417840
1754.476059190
2086.931437130
006584
005151
005843
001212
007053
005439
007209
002717
004442
004737
003810
006216
4064.944456570
2212.922889190
000180
000558
003778
1484.973447230
333.316407450
004252
006197
002582
003398
003517
007279
004827
798.995662230
375.898418360
000207
005598
001465
007042
006920
1718.179607010
006814
002440
003193
000181
006517
004675
004093
748.999423390
003140
000931
000161
004367
002213
003602
003726
003586
007181
2021-03-01-10-2_BLR_IND_lid0_Frame002802
002923
001332
002234
003080
002855
805.947224330
002227
005265
006070
007305
006438
000875
002838
1574.967012150
002099
004184
004077
005711
004313
005687
005527
004088
006463
006829
000137
006391
002602
005558
648.907638080
000893
005888
000432
000054
000396
001112
001605
006731
445.393150600
1972.939937310
2021-03-01-11-2_BLR_IND_lid0_Frame002700
006251
000487
001298
006639
001124
003794
3914.956551550
670.876797060
005582
001644
004830
001485
005133
002310
002646
005836
002608
003035
007236
003924
006374
002330
006665
004208
004502
006988
004034
004943
2021-03-01-10-2_BLR_IND_lid0_Frame004302
003438
005194
002155
006496
001183
1488.972823560
006640
000880
003039
4164.936737980
145.730780810
003513
007151
003420
001307
005429
003304
000480
005241
1970.940456830
002757
002875
006822
002806
003964
003814
005270
002530
2021-03-01-11-3_BLR_IND_lid0_Frame002500
225.779919270
658.906752650
005373
001053
005600
004223
005161
004527
3602.981068680
000929
006036
001297
323.272523310
005792
004437
000977
002454
152.902549060
003451
1760.954247740
2402.908546030
006643
001525
005879
1685.081663130
004355
000733
002769
004401
003014
001545
006808
000238
004823
006466
003893
564.970179010
132.904772660
006940
004419
000930
002372
003530
000927
002611
007403
77.591453160
1660.961611290
1496.972109040
006151
000515
527.826595550
006221
003770
007178
005807
780.997098840
001778
002168
006625
005405
4134.939024670
002457
002296
426.981116010
007018
005970
005223
004467
001610
001038
004877
002928
275.376371750
003012
002038
1872.946983840
006082
84.591044120
651.907802480
004905
000599
004747
003051
378.439031790
005548
296.990590630
1912.943517520
000702
004947
000107
000074
2021-03-01-11-3_BLR_IND_lid0_Frame001500
005478
006899
834.992759630
004891
656.907209890
001193
000872
000635
003493
003363
004130
000663
004577
006136
778.996496820
000338
005415
000197
003098
002593
000058
006332
2021-03-01-10-2_BLR_IND_lid0_Frame001302
001035
006092
006813
000049
003575
007250
006874
003222
005603
005557
002412
000794
006877
001618
005069
005895
2506.900631820
001110
004795
000898
3872.959769580
003944
004219
004556
004002
004517
3738.969928910
000889
001958
007217
003276
006076
004685
000051
003605
000934
002382
005493
006794
002888
006444
000654
006048
004431
001815
001378
106.906957580
002439
225.109367790
001481
004048
003042
005612
003731
006181
406.236970640
000834
006886
001291
002722
004739
002251
001533
001843
004211
000810
007138
003750
2352.912778020
002153
001265
004988
004172
1892.945222590
004126
001892
001814
001781
006409
507.973109860
265.706302290
004539
615.910600510
002299
004612
003919
001913
3672.975475490
002787
005733
006757
000531
002300
004422
005002
005224
006274
002254
006745
003818
000666
006256
000464
004311
006646
002543
000967
004332
005969
002386
003877
2021-03-01-10-2_BLR_IND_lid0_Frame002702
004304
1668.961041910
002748
003002
004666
000048
140.430912190
246.994269280
004523
004013
003314
003592
004342
004425
003292
004341
000734
002952
206.997884780
598.968290320
000200
003015
005983
005386
000259
003918
004409
000026
001006
006510
1996.937719370
003536
006896
001900
007468
387.438144080
001407
004124
002052
511.973444090
002569
005542
006410
809.147152190
001505
362.986028320
006408
006922
006209
2492.901534270
000763
002903
002207
4136.939052150
505.888496120
4066.944124370
002101
1828.949952830
005506
005422
005218
736.900929840
000195
591.968708600
002384
003242
2021-03-01-10-2_BLR_IND_lid0_Frame003902
1562.968085290
582.912988860
3860.960620310
001638
000455
006086
004486
004335
002408
004439
002142
004966
004015
004522
004741
